100
122 73 0
95 144 76
28 129 52
41 127 176
110 17 45
17 73 92
16 127 119
40 146 154
74 35 16
83 68 40
74 101 193
111 88 183
108 125 171
31 105 57
28 78 60
78263 85626 84478
12188 14912 6967
27218 12725 77067
15642 75084 11157
28112 58375 33006
66397 96974 66952
21247 48637 42101
21982 35184 74871
41941 16875 95249
7416 88353 2516
34430 70983 32702
30277 95913 60896
69250 57949 76879
13586 43961 72486
12255 93014 66211
16582 45145 76110
25867 88994 46352
8 1622 60300
99369 85404 9445
22757 96476 16532
70800 75727 2690
72323 48823 3004
7189 75131 53096
90849 82829 21441
74917 69045 91975
10974 81347 75244
92740 53673 8351
83085 32307 9004
87451 98354 86700
49544 93968 67327
42789 46795 15561
17634 86582 6890
92059 84370 99240
75886 8052 55402
89739 41559 24475
147068907 242247045 246699389
355200611 147535392 582377457
249735308 457657667 351735479
711001081 65132795 480031855
355399722 803444855 11235398
18110249 642881284 77688545
475434615 498296423 280860232
719306195 499969808 337956149
685321418 278977090 893763455
603684907 301942720 596686380
655688832 875911274 860466785
340054039 957598190 225362058
28801537 662934144 767367403
357567864 706842219 702430013
624344515 343923182 870587438
608086401 14032649 501028226
231784908 367377588 12968765
511523048 363735643 659924860
913151635 115389807 962720268
70018653 805966279 986639635
252175859 416631714 701865749
373428020 587108255 612840592
772810606 108509198 300254984
647547770 838510704 438365088
883316790 483109796 209761157
314001952 955576555 809620870
655882787 383678803 547280406
313299247 477493414 245194329
548951304 215871141 543755661
158662094 676786285 905682433
34101169 403703738 421833731
768557449 742137631 513009746
537646923 538924036 366834905
979998682 257921024 633992750
226344010 670105682 470159933
722853188 29093064 795681780
432984240 302305451 809030914
123044030 246808779 248411998
649561038 133020056 367650373
974163095 331116100 589448847
74753018 404944278 731358796
158901081 302239624 68523223
508114270 387531310 992484256
36687798 633563454 8396412
595861354 642842107 378115427
564745797 108455341 418550398
246696647 502912645 629252226
755937791 64333425 34560575
480948200 258878120 201141634
636571918 879601656 633332002