100
45 35 37
99 117 56
62 29 32
37 124 2
147 128 154
35 35 133
108 79 148
99 65 167
6 95 63
98 126 177
109 42 49
43 18 17
91 128 34
112 117 62
29 146 178
94477 43795 39041
89275 44604 34553
4130 24830 57212
65577 85372 28509
55661 69477 32459
63167 26226 16022
93882 64317 21134
49449 63162 91431
73266 59135 38184
40951 48277 43840
90417 230 68736
40486 78007 87147
50664 13186 25406
48259 99823 7454
73549 88018 15405
82848 69605 67233
84279 92313 72051
21268 62718 24523
10269 93825 95494
48643 82419 52763
88973 21739 59081
60337 83268 87854
93229 42398 93122
1674 28504 51598
7996 3292 51933
47063 72788 64114
82790 3105 1804
83558 35220 45847
13705 83083 67416
39913 63346 31433
96931 15257 94611
91861 89634 35672
93332 1529 16017
86342 78012 98357
92279 12072 80985
829689677 696753353 538967435
162030308 553385756 460748543
214214979 640906280 667495659
818436718 708875670 589826477
749203682 80033386 808648832
496878510 810111027 760477375
597943580 65260417 739700269
154850128 851472752 490921496
181798581 705999071 563520667
514641520 998811402 787974795
303072541 802106514 326689125
315209955 500597812 68953352
580934783 551482655 268306214
844816063 368871907 349632778
111537527 449275092 327118384
526663914 32518771 911234018
538527970 493817989 599698743
57344807 546573767 872354995
660135838 610095549 300972929
261195883 231120524 961738153
448309404 39938327 379038544
83563280 286561121 904509207
400191266 457083319 748170308
775348737 215395240 385566840
170704915 716402602 730080961
521283286 567943939 355605752
891477509 724800527 402183721
527826303 784964220 541207879
85679915 70743762 572267863
198638400 892174286 144587261
209524039 11083164 726849909
440588710 661716810 932635863
258670267 639630322 694335120
396348507 361906154 32931453
532010448 894989357 67399117
266992540 625463817 418789826
543798805 866287408 335191950
264054104 792798742 110351705
137838345 823812909 129386487
298960895 678908665 949387064
807571563 821733096 389413081
355209630 291416597 419664972
582744051 731836279 838223222
176204859 645399263 407566884
434220798 307067735 55230961
428507024 730506147 802448033
23365857 475727180 711165081
525808284 128855986 351366036
151372975 877391498 115686945
910857224 378720368 369987412