156
435
111
1167
377
72
320
167
44
725
105
0
122
490
781
654
3966
1207
833
3226
1815
1233
1449
1653
1058
1483
3072
512
2290
2441
1840
4152
9275
162461
424319
901382
951325
1354994
1727578
2099643
2343500
2298041
3341470
65580
90827
96550
90497
106543
145631
138316
107576
195690
352945
271098
183658
232992
345825
478454
378321
637677
463635
347195
370554
572972
532531
655466
484868
435567
520718
664
567
433
602
587
291
636
775
209
657
359
736
542
391
825
111
842
122
154
685
510
425
932
305
435
714
623
348
913
825
716
596
621
287
859
517
809
561
630
293
158
548
246
346
975
232
815
237
290
137
583
207
472
309
154
366
458
913
422
780
726
326
691
521
464
778
229
231
325
485
617
640
460
616
509
810
546
717
560
713
529
208
715
772
889
142
297
475
270
779
674
162
374
593
767
299
355
525
565
141
160
470
773
571
772
359
412
550
739
529
704
373
895
722
392
773
832
402
812
390
476
150
572
881
124
732
779
261
714
780
439
126
221
914
451
171
752
474
576
983
251
318
205
906
319
811
301
225
361
391
524
506
369
663
861
613
565
437
457
343
678
650
520
355
697
207
470
371
438
216
875
380
289
727
377
268
623
596
320
704
705
298
573
206
340
611
169
900
266
847
237
691
275
684
773
372
476
520
449
468
685
792
359
697
396
189
197
446
585
630
883
151
560
550
851
766
287
299
156
371
420
794
672
333
649
480
332
616
255
251
173
642
425
884
510
398
724
714
796
269
449
805
490
918
347
708
702
524
657
673
717
758
636
911
927
271
307
448
264
218
912
133
416
343
390
822
256
359
737
711
616
456
369
370
861
437
512
501
495
504
817
227
236
496
618
319
294
927
211
665
498
557
343
330
850
543
575
753
486
552
910
644
436
197
212
207
827
778
719
680
638
449
492
920
193
324
199
419
230
747
208
178
782
377
251
423
573
263
521
597
520
807
765
474
344
363
567
247
312
790
706
132
410
175
784
204
393
149
815
320
494
628
219
443
206
593
680
427
863
589
597
117
659
645
502
130
404
691
787
579
282
693
496
930
347
490
108
624
501
745
513
685
748
570
199
272
509
688
189
724
247
650
715
191
489
579
539
128
642
306
707
604
564
131
809
754
653
276
757
617
346
659
759
266
526
195
233
722
320
842
260
766
892
700
386
257
368
543
772
215
438
561
176
626
480
586
881
700
475
451
166
169
642
471
657
258
640
618
662
306
168
133
463
258
882
650
617
608
581
545
306
624
725
186
548
478
599
366
394
547
476
228
684
393
796
360
264
174
668
143
647
259
315
704
484
500
560
470
507
656
394
832
232
622
228
895
768
473
120
829
471
530
206
787
371
391
229
716
764
237
549
825
815
777
458
354
190
582
699
811
458
234
277
181
228
1007
439
728
881
369
833
427
556
344
643
717
418
652
500
636
362
123
612
254
162
604
743
488
807
417
293
487
291
299
690
649
649
732
653
641
342
740
170
605
856
734
124
692
344
799
388
831
833
629
930
372
453
173
501
871
578
439
810
416
930
470
131
492
588
690
657
541
493
709
594
473
589
615
493
510
426
292
848
644
352
243
528
437
636
799
329
748
733
188
307
798
634
659
708
613
627
737
208
620
170
228
829
805
601
752
713
729
628
252
150
498
413
619
368
200
324
354
290
214
83
336
262
612
326
222
792
303
438
321
549
222
472
813
727
683
381
810
783
453
744
442
649
789
351
436
566
663
1015
471
278
1076
741
818
670
307
704
574
457
822
1090
696
156
339
100
357
280
648
800
635
357
395
746
681
343
412
268
552
791
685
771
702
427
577
706
664
772
303
260
475
638
285
520
614
236
359
397
157
198
678
390
723
440
507
206
716
115
462
291
523
467
764
734
622
109
547
694
533
351
565
359
405
527
901
819
158
922
274
701
681
149
405
918
415
389
356
752
490
640
268
205
276
481
557
816
237
712
258
685
309
888
191
877
142
476
660
514
956
757
298
382
298
292
429
144
255
790
875
434
755
198
481
147
683
273
436
804
331
188
465
589
449
533
685
325
765
260
797
769
626
487
406
601
472
843
105
259
851
455
397
618
769
645
236
187
334
147
380
808
254
327
412
601
199
298
900
529
507
677
707
768
253
619
784
204
469
397
742
345
192
470
451
361
521
311
508
176
277
751
559
275
262
210
94
673
389
316
693
248
579
514
243
323
181
789
678
465
409
736
124
413
794
484
376
394
426
834
472
340
615
391
544
741
162
328
645
307
428
842
371
415
628
602
314
246
796
795
279
637
783
564
604
217
748
696
465
385
339
798
241
840
638
626
825
397
164
149
230
649
294
519
554
547
631
408
442
397
665
541
555
764
492
802
180
211
662
545
298
175
538
673
747
717
232
831
439
556
377
260
174
816
112
522
349
390
418
1021
626
238
910
621
622
417
882
660
368
181
223
570
291
316
740
251
193
548
493
849
368
619
617
117
763
347
430
515
263
371
566
305
835
524
626
242
492
267
788
714
857
156
259
257
700
801
152
812
208
506
131
829
222
365
456
480
642
302
387
361
746
351
704
107
998
366
200
1005
320
679
200
362
266
296
503
769
424
745
426
262
771
758
531
131
599
664
238
671
128
571
274
124
294
418
539
577
181
201
530
974
702
218
471
475
440
512
368
519
374
708
793
441
415
332
391
770
259
518
886
572
768
668
503
783
534
219
594
317
300
323
365
531
117
266
366
395
196
677
175
834
470
229
148
512
332
410
403
250
899
212
319
756
771
346
313
191
194
401
264
694
200
623
378
746
196
914
111
215
714
599
709
640
265
782
779
588
648
636
280
240
791
220
946
358
772
714
579
461
524
284
517
621
953
277
565
446
692
247
266
865
691
714
391
639
225
313
238
413
598
417
686
447
616
530
289
490
370
842
934
750
641
505
687
667
380
357
831
259
388
663
744
259
866
463
204
327
914
304
306
432
328
357
553
788
693
612
871
717
262
437
677
493
364
780
884
627
812
434
655
253
588
209
456
503
162
488
849
322
337
349
313
733
891
738
285
221
513
496
285
442
290
236
348
606
270
622
220
460
483
438
352
365
786
124
813
895
692
605
729
127
819
927
179
611
510
512
417
817
578
354
777
250
618
551
233
667
397
280
832
341
275
842
822
656
453
234
807
318
441
811
574
709
777
592
611
711
689
291
231
727
753
494
593
279
600
200
602
255
732
267
570
471
613
733
722
840
405
510
728
311
532
477
405
656
407
341
660
175
778
509
78
590
558
590
503
741
169
944
187
842
707
715
182
533
602
419
570
139
441
820
425
762
172
873
323
609
791
673
871
783
556
344
321
237
860
156
146
204
285
208
316
1022
561
986
549
740
289
875
594
805
749
641
140
721
523
432
679
249
445
493
238
515
739
522
626
280
637
337
824
352
969
879
598
617
676
505
271
162
554
569
858
344
777
869
493
92
733
630
932
446
542
339
516
508
466
552
182
641
986
369
520
725
583
723
752
362
627
203
274
943
590
692
488
319
355
324
520
293
160
265
200
310
216
688
163
573
331
666
688
598
406
167
634
365
255
909
334
617
264
579
641
520
280
435
511
382
171
267
568
905
251
804
420
586
809
415
257
520
720
238
239
577
652
616
201
480
571
694
866
184
113
248
656
327
730
287
251
773
581
446
362
677
398
322
514
413
505
506
776
678
407
474
189
639
698
686
364
582
171
244
182
622
564
603
206
598
680
190
714
438
188
837
596
544
128
321
918
343
174
521
685
552
365
731
530
410
412
744
843
250
446
822
294
298
727
584
291
235
622
388
352
436
405
806
698
139
881
729
260
719
367
218
599
731
848
218
397
545
435
431
472
220
557
662
187
614
847
861
759
653
335
458
453
614
374
205
416
148
548
156
836
690
603
254
405
126
727
906
186
744
949
175
747
260
531
790
559
838
289
531
706
602
139
266
599
380
268
716
676
445
568
158
690
130
508
383
506
425
498
866
648
208
757
164
141
426
688
826
891
587
645
330
633
185
416
309
442
1036
598
317
877
403
283
227
565
620
787
312
113
453
804
779
672
231
572
714
199
314
743
862
269
732
575
378
624
659
268
139
189
163
209
765
659
296
231
383
371
883
681
208
618
572
414
446
92173
97570
98649
95869
77610
813
364
1135
1147
818
712
1120
1079
316
114
1149
969
936
519
850
497
223
400
816
508
511
199
309
452
744
408
652
1093
230
457
248
908
171
724
634
535
232
916
529
497
723
598
1086
472
573
622
859
451
953
1175
731
909
456
766
184
935
724
949
203
367
233
551
519
1019
1049
132
828
148
1044
551
273
361
835
476
274
795
766
175
847
435
152
606
954
813
647
779
940
1022
288
368
1035
557
340
452
709
461
1069
793
988
846
375
1012
759
886
448
235
961
1044
777
331
357
336
174
170
154
983
1042
326
1035
367
881
939
836
579
599
358
342
807
1027
771
104
183
227
397
863
943
1054
736
635
541
377
222
155
997
928
479
953
570
913
395
977
834
832
490
188
1021
298
258
276
850
1015
953
813
322
1085
1122
798
880
823
170
455
802
767
944
1240
903
636
699
551
205
928
273
920
857
850
607
937
402
407
674
273
1111
684
466
556
243
575
612
790
746
877
736
786
304
531
1155
225
405
793
730
471
994
277
301
414
237
551
848
620
215
862
923
609
266
495
867
813
819
1031
715
897
884
367
573
460
324
265
311
403
161
536
666
736
295
915
849
454
1086
207
550
946
1223
309
1085
576
425
147
312
579
383
975
741
431
787
846
279
313
309
315
312
640
906
930
788
1087
287
842
989
330
534
660
871
250
957
981
753
204
1122
426
1017
1060
922
952
919
986
346
196
510
449
505
632
892
348
319
819
919
711
469
295
857
279
415
635
907
862
138
948
792
795
905
190
910
716
785
832
152
403
284
768
824
1042
1025
715
204
460
761
452
464
377
378
317
1005
633
278
764
963
224
749
690
889
626
317
804
505
951
500
209
795
581
1131
629
784
459
432
676
935
1011
232
936
765
719
1112
587
535
650
238
287
332
1092
168
349
576
682
778
288
254
665
837
1026
816
802
568
943
233
988
775
479
186
857
281
497
659
454
985
1051
607
232
734
349
496
216
899
806
540
600
560
141
109
906
557
901
602
651
543
684
116
174
655
697
811
182
327
826
577
578
286
997
332
595
761
823
281
249
581
540
601
987
178
232
302
226
515
254
1026
558
911
389
769
298
934
671
1000
607
707
967
366
1011
804
651
601
198
470
561
437
338
609
565
819
1119
616
315
705
1005
908
214
432
882
209
416
462
507
964
451
483
903
287
1058
459
363
495
772
787
178
989
1015
614
977
272
210
397
311
471
880
1073
582
821
395
619
169
880
1040
994
1099
457
991
962
212
690
601
849
509
900
825
856
336
657
165
841
436
365
590
737
1113
953
950
471
135
373
927
666
974
393
678
793
890
587
948
815
872
1043
491
764
987
818
288
662
697
1091
476
475
850
357
321
884
162
964
888
411
184
490
360
380
148
227
368
766
606
527
783
757
954
921
314
1012
568
1029
821
951
744
913
447
352
1068
411
439
462
643
573
846
281
406
494
223
323
845
721
736
159
487
744
838
548
181
846
1078
163
1066
813
333
180
687
220
856
767
801
770
470
667
805
539
450
1018
171
754
797
1036
666
213
950
578
448
861
957
348
284
859
422
621
781
777
905
1115
668
583
746
336
710
355
1130
458
997
213
242
281
699
367
630
284
217
395
656
96
965
636
607
339
553
1130
943
772
430
841
864
727
769
1098
583
752
521
1014
550
670
657
522
498
780
556
928
733
263
407
1024
504
656
524
288
478
1076
259
988
912
254
226
222
669
366
1134
682
1075
897
481
742
607
288
305
233
394
750
974
889
870
252
337
971
1069
869
226
469
249
807
919
898
208
225
967
640
158
862
456
973
598
990
203
203
980
883
1046
1044
1039
462
150
165
933
891
320
744
610
853
1022
873
889
947
184
699
245
878
1021
908
615
853
835
576
446
707
277
256
394
244
740
1025
371
597
400
1096
432
838
530
469
857
1247
1047
999
311
1054
385
751
439
513
329
245
627
390
667
285
357
435
297
356
196
783
555
988
359
251
890
593
494
729
388
190
966
726
975
511
190
880
774
125
1026
752
356
432
616
364
874
481
723
639
509
466
206
967
688
163
246
721
995
916
936
474
293
652
329
876
598
767
385
989
457
530
1016
686
528
485
306
671
235
1174
1068
342
277
669
521
921
730
599
854
919
593
696
996
972
666
991
519
746
554
192
645
723
441
241
469
576
1079
715
222
420
251
335
1029
853
709
259
759
798
933
485
260
342
813
971
518
855
797
497
316
988
318
1003
247
475
203
999
1074
986
827
433
242
576
594
252
842
287
733
80
755
953
554
881
720
721
940
342
755
536
663
588
759
627
613
216
422
313
257
1020
861
993
482
441
871
799
959
904
309
872
416
435
399
907
472
595
795
519
794
773
404
249
226
1193
836
1042
271
443
770
594
936
408
906
243
948
507
306
253
379
981
593
989
293
787
248
429
788
159
808
806
833
1042
1052
998
238
409
616
435
761
802
1200
644
801
317
196
517
452
449
1192
929
1096
787
587
156
749
905
546
412
912
805
64
656
292
891
293
366
391
1029
489
1129
1167
187
224
657
924
171
341
216
827
712
457
906
608
440
280
848
1035
988
941
932
223
541
1115
811
1135
739
404
590
956
237
456
501
1027
698
839
406
566
587
171
785
126
458
474
193
497
145
236
376
527
968
465
925
255
537
221
807
743
485
724
241
512
1189
952
749
216
324
815
635
533
430
774
383
608
1023
351
386
696
581
383
328
902
1076
127
527
698
336
961
538
423
622
735
625
179
397
407
211
880
951
155
554
345
1140
996
190
492
486
598
243
1110
996
508
481
1053
294
510
1205
898
973
810
178
1051
443
435
865
267
610
990
489
1080
205
700
946
386
1048
774
704
953
1078
455
901
1125
353
377
914
901
906
317
624
1214
644
264
859
113
731
654
327
532
754
884
1126
816
675
1081
924
486
216
1086
224
234
623
703
201
277
964
723
481
649
1197
466
781
505
1027
317
952
945
540
721
479
158
903
689
848
1027
890
193
444
550
580
488
1070
266
506
1306
694
943
956
1109
886
319
701
485
232
239
317
982
318
337
252
781
221
463
439
197
840
1039
922
782
1085
707
524
248
966
385
648
336
691
605
847
675
186
814
1045
449
412
499
858
842
949
689
1158
807
526
395
762
532
703
841
192
245
890
382
290
176
1080
1095
1057
302
803
373
797
446
612
899
560
530
489
744
623
1158
998
493
466
261
936
536
286
967
623
161
236
1065
757
491
431
585
848
573
681
965
368
1111
522
816
964
1075
539
885
832
469
148
403
498
851
308
936
665
728
702
378
851
613
1119
300
699
727
1093
409
343
253
820
772
230
426
461
271
343
506
1125
529
1033
581
955
549
1056
1153
766
875
446
262
485
295
194
635
664
335
721
668
249
1104
515
562
723
1048
644
602
629
870
289
725
641
391
272
603
546
177
895
157
576
159
975
423
117
970
580
350
798
1078
951
1104
454
591
509
136
585
305
276
197
770
382
267
202
1009
664
842
131
765
173
992
481
285
170
1075
994
542
944
563
974
650
578
802
915
798
1083
459
596
338
635
522
1204
1043
286
451
458
425
1064
801
635
833
614
828
562
300
316
930
954
565
269
695
897
666
811
809
782
468
467
384
445
189
334
614
798
189
289
540
382
264
286
304
246
338
224
962
833
464
772
489
107663
89911
103036
101612
865
340
451
460
524
939
1057
237
263
653
973
361
930
811
438
535
556
455
739
1087
189
333
351
838
228
379
227
928
727
865
753
543
756
626
749
647
533
343
296
648
936
254
316
326
877
633
424
506
815
827
693
444
939
700
1010
583
643
792
1099
535
974
1023
233
902
264
699
481
266
763
896
402
757
838
880
847
661
442
764
897
488
465
844
429
899
997
674
198
308
1088
576
526
401
401
708
588
309
201
339
471
493
795
167
629
167
187
674
871
252
884
802
498
860
813
422
397
925
1014
539
654
457
640
234
680
1054
1120
597
1084
753
755
627
546
396
1082
450
611
339
395
723
708
1081
727
1021
1066
505
987
933
276
851
667
931
388
1066
855
444
1015
779
467
761
965
724
731
646
1025
593
598
303
734
251
455
506
864
623
860
165
147
554
368
273
439
493
456
1026
1185
475
615
507
400
857
908
404
312
311
828
955
552
303
585
726
166
877
1177
710
1036
956
385
697
631
1028
899
628
611
708
570
578
579
772
582
299
790
259
305
761
672
449
483
1129
984
550
428
838
170
606
908
584
406
429
758
1078
802
460
332
159
726
356
802
1170
318
779
1012
664
1090
773
916
942
627
876
487
1100
385
980
939
715
990
540
184
1041
246
674
768
557
225
286
1049
840
898
831
273
680
450
314
816
753
431
618
355
737
410
888
881
942
819
916
185
908
461
759
903
690
999
343
972
289
663
357
329
1038
378
786
607
908
284
785
939
843
501
827
651
438
537
252
517
383
1008
493
944
571
841
189
599
449
718
494
932
898
265
439
463
252
186
438
453
756
484
169
612
498
982
268
722
630
305
746
869
630
268
979
399
735
699
512
320
975
983
722
891
917
960
697
402
315
1075
181
634
368
790
1130
1071
625
1031
280
790
142
897
331
256
638
660
224
893
437
459
623
303
803
445
433
392
392
802
691
695
900
348
788
223
437
250
557
697
931
557
355
257
1038
657
943
701
195
912
199
831
1018
253
200
213
426
1152
270
544
1010
451
531
758
709
557
804
346
228
409
822
528
877
506
727
820
569
877
359
716
898
661
812
377
539
588
415
702
423
436
325
722
310
883
653
1017
989
483
255
163
605
453
975
209
381
867
1079
192
769
580
706
749
537
1144
715
898
257
979
576
372
859
317
451
586
989
1024
232
675
1196
394
252
418
801
491
765
522
179
462
322
842
1050
576
733
969
1108
958
472
1170
906
989
836
875
779
882
476
430
316
966
615
934
1041
876
466
654
713
630
442
1050
651
410
889
197
479
231
946
1016
735
353
399
830
662
473
201
527
743
812
1053
885
571
764
355
439
987
841
197
959
835
182
900
682
416
611
973
906
957
349
368
168
394
370
987
767
465
355
259
890
743
1006
1001
798
553
705
1105
376
819
728
246
340
513
572
513
287
618
649
220
783
657
239
478
734
578
1117
725
1024
1023
212
988
952
361
1015
358
233
602
308
631
826
1255
563
934
459
863
891
590
279
663
378
835
780
892
999
601
548
862
684
675
194
666
787
862
919
580
512
671
281
905
246
352
173
187
890
750
781
561
481
1031
1103
169
615
388
203
169
326
1135
517
473
1017
164
759
781
977
354
760
250
360
488
491
1014
254
130
503
1044
192
677
290
175
147
469
146
551
371
977
660
371
641
291
303
422
710
266
872
990
1068
1089
318
468
481
381
964
178
372
310
955
706
1076
291
936
275
846
547
842
184
193
680
250
284
332
510
954
1028
818
189
293
374
743
493
840
697
317
753
764
538
381
444
850
147
1053
698
170
885
908
773
498
614
478
247
488
970
296
250
910
746
1007
299
204
665
564
622
968
907
245
193
762
513
668
663
887
308
273
905
984
977
852
430
740
629
821
913
320
290
415
266
1034
790
479
221
685
426
602
869
827
335
319
806
1030
563
520
902
524
1019
1019
1242
621
613
917
959
480
780
903
637
293
324
287
1115
419
830
786
710
388
212
238
897
711
471
484
634
300
442
203
837
288
698
174
615
1034
593
765
200
568
952
244
501
428
932
921
732
1076
494
286
185
689
661
802
815
208
899
599
594
165
243
766
819
652
1008
555
573
828
285
201
428
980
302
990
384
440
598
610
1047
508
426
611
771
245
766
336
840
204
688
305
342
339
133
178
516
929
385
933
147
983
401
622
349
193
1066
494
781
904
941
441
447
903
319
799
763
1029
336
850
770
547
506
1100
567
1015
198
817
187
364
859
318
220
355
402
606
836
1028
550
272
776
602
723
575
741
933
193
319
665
699
422
132
961
958
647
284
565
370
726
626
950
219
373
840
866
444
546
491
844
877
185
507
491
407
312
924
442
390
262
938
941
946
624
373
853
897
964
998
472
483
623
320
371
376
558
700
675
935
305
259
308
703
799
996
561
298
1067
1088
207
587
1065
712
864
522
611
379
960
954
160
360
367
420
205
788
488
155
250
379
762
1058
855
508
921
144
561
693
419
928
589
303
979
394
782
623
245
227
912
985
170
1013
444
435
439
511
176
538
659
612
179
305
504
505
181
782
994
803
674
973
710
205
819
1044
669
630
579
705
505
755
1108
905
645
615
1035
487
582
754
943
755
944
765
877
280
478
151
696
173
288
223
997
346
982
876
685
682
535
717
213
652
652
687
555
670
1071
855
161
704
396
775
600
223
572
1025
1046
749
928
391
351
297
261
526
568
810
538
198
831
897
579
637
1047
654
126
406
373
592
398
377
167
499
227
858
948
523
275
682
415
289
1053
299
603
307
765
893
962
772
419
1008
280
609
1008
749
591
489
712
722
1028
432
409
198
463
149
683
1053
580
900
373
360
533
852
422
705
950
697
820
436
467
943
1129
601
465
1015
475
670
995
1067
316
298
743
227
1046
273
952
267
230
360
155
786
858
576
407
396
331
945
269
231
901
443
377
454
1003
671
886
275
620
684
1000
241
1005
312
779
277
424
857
655
636
293
951
404
788
807
338
266
464
717
178
963
196
269
211
1047
594
849
211
795
733
724
719
248
149
742
835
220
856
1024
420
1037
279
453
481
277
913
330
381
376
478
466
556
766
645
886
1037
725
537
772
400
544
405
325
1218
554
885
216
517
368
608
377
200
583
994
943
274
510
735
753
444
337
842
521
889
832
445
415
904
190
149
1127
453
792
317
500
1122
464
1004
724
574
655
792
246
701
395
427
426
491
1031
821
195
548
877
580
917
307
502
422
842
657
450
485
682
883
342
1032
637
933
176
567
779
431
545
888
447
534
951
767
512
200
600
659
389
597
1009
386
704
684
147
977
450
474
722
442
591
341
352
765
385
1027
932
705
891
244
454
293
301
239
568
767
320
873
297
133
476
854
732
473
322
429
952
909
563
549
745
522
635
1184
477
791
536
358
1011
108
921
302
853
171
346
671
544
858
450
550
754
174
794
271
601
559
675
242
358
672
596
430
786
267
688
888
928
522
1028
1063
894
1184
782
1047
367
283
650
934
362
280
758
902
296
333
202
1130
629
294
352
463
470
754
189
251
367
391
414
670
343
457
659
1099
663
748
639
932
682
530
934
565
783
686
509
523
215
565
605
775
350
181
859
492
472
651
881
779
496
747
635
582
381
1067
365
796
164
850
755
541
804
848
292
326
244
992
636
690
531
555
620
211
814
148
481
992
732
402
169
644
408
1015
387
703
656
150
302
753
669
875
479
756
937
893
462
1171
323
242
920
215
543
590
342
515
467
740
895
971
851
487
518
796
718
731
547
378
258
949
703
897
632
588
674
574
709
539
395
647
236
796
954
718
346
939
214
325
826
620
310
934
808
602
286
1025
358
810
667
738
212
959
250
614
511
590
863
719
1058
346
814
975
443
571
851
359
641
765
721
503
860
312
969
1082
1039
970
145
838
517
144
889
876
253
1002
322
1003
201
969
373
146
912
431
721
476
667
514
381
344
702
265
908
913
520
1004
719
417
1024
898
121
944
641
708
280
962
410
671
476
342
457
632
954
933
441
419
856
323
376
825
521
180
841
900
1041
241
255
1001
376
857
438
614
917
976
366
761
573
327
568
928
766
917
1057
858
468
725
177
364
826
1110
731
315
683
395
419
868
548
928
408
457
159
655
653
597
848
224
697
225
913
751
712
942
631
755
210
1024
482
618
628
645
602
1096
643
698
328
353
292
575
790
473
476
222
940
373
655
714
1088
482
818
812
620
466
716
903
866
332
912
1106
629
1013
189
333
236
981
216
735
245
851
524
776
546
584
270
1032
513
1051
320
174
659
331
193
352
581
255
1072
700
329
1028
596
953
835
939
967
579
998
379
145
907
632
595
489
858
757
800
184
221
125
626
217
190
317
587
569
286
896
248
719
506
259
1038
837
830
652
824
784
454
438
435
385
834
1039
810
332
208
877
812
859
861
258
883
997
174
280
350
356
246
831
486
443
919
310
802
779
862
823
770
500
279
319
782
536
861
675
646
499
536
710
873
346
847
885
471
1058
328
579
556
477
809
1022
201
779
1059
341
970
605
852
446
417
166
335
815
845
825
261
827
537
993
1087
545
844
304
1131
1030
700
840
334
400
492
1043
832
623
567
480
232
182
753
1101
776
995
896
374
118
179
981
857
467
1160
386
526
214
200
699
825
794
559
544
847
415
482
943
332
283
398
796
412
805
818
971
854
605
188
476
1226
779
701
1014
594
721
894
260
461
985
1009
871
937
422
269
968
1056
162
292
972
916
605
494
551
563
633
730
510
764
230
206
1161
948
614
461
1000
246
805
943
1006
429
620
258
838
818
337
696
952
384
423
159
632
436
113
418
473
907
348
481
192
718
243
437
320
1122
379
357
718
805
250
937
675
933
437
605
472
551
223
718
209
478
271
407
545
336
945
1104
1084
475
133
429
832
516
684
812
642
306
1055
206
804
490
959
766
460
264
853
916
735
789
357
736
529
371
615
440
683
832
902
150
741
493
868
780
495
937
236
352
673
551
475
241
1101
763
510
401
322
587
734
402
234
806
343
605
1087
573
762
1194
722
209
917
808
656
299
980
687
712
661
887
603
791
903
469
584
419
880
916
799
557
1090
968
861
235
420
801
354
236
729
706
443
880
1015
686
801
741
558
603
318
568
486
687
200
220
805
384
298
1009
358
598
804
230
512
370
879
376
782
1066
418
518
949
1010
623
688
199
568
447
495
1100
289
1015
799
636
445
388
973
1021
793
698
292
856
436
615
1171
719
198
1129
272
1008
312
606
790
767
1041
699
988
852
397
399
306
658
250
417
1207
930
350
497
231
174
459
886
1005
505
766
506
961
657
616
841
267
361
695
233
449
548
452
699
304
446
1001
599
921
944
607
958
739
847
1072
718
845
490
573
204
211
762
240
235
547
549
1072
933
394
939
647
978
614
930
745
369
781
316
866
185
661
420
601
851
847
841
1098
326
697
252
1018
284
818
833
880
430
437
159
1090
338
423
955
427
1036
698
356
848
1058
296
845
95010
106568
103017
793
335
1042
598
746
436
709
237
934
316
1049
1137
498
900
951
795
1047
1273
1041
796
341
540
534
845
731
1222
709
548
1074
761
464
483
737
455
973
698
885
783
878
699
798
432
480
172
346
745
823
1183
335
206
697
995
970
374
686
702
1128
547
872
304
328
676
598
368
632
836
774
258
426
487
1052
1188
465
548
757
1142
659
577
853
223
955
561
505
649
852
281
924
711
498
297
712
687
844
979
664
750
767
240
498
767
325
560
518
730
216
848
493
911
395
424
157
326
425
497
206
730
239
780
364
828
156
642
310
1013
611
426
1010
817
209
379
388
1111
428
958
310
336
664
189
1160
784
750
811
291
525
847
348
732
280
518
551
975
750
201
307
897
517
452
642
1048
211
1090
456
1038
932
552
948
885
1037
374
906
260
866
437
378
215
358
754
553
245
502
772
272
847
1039
407
262
274
630
252
886
803
718
119
807
1101
914
844
857
1069
268
171
634
166
940
354
660
794
142
914
762
312
203
735
808
601
597
913
924
898
701
539
443
300
1074
1035
295
1074
507
598
522
471
465
1001
302
1212
399
459
273
421
293
562
224
186
1088
583
545
918
1166
280
818
910
1137
673
1056
1037
501
1083
401
289
1160
763
613
276
1079
702
237
612
960
790
369
697
1074
871
1067
421
367
624
787
914
371
316
1008
318
292
1017
310
568
168
543
183
1095
556
715
234
643
529
349
519
489
342
325
533
923
653
425
946
743
517
919
650
1103
653
1024
655
595
798
1183
481
330
264
767
943
538
1056
480
395
1026
738
754
376
862
625
778
733
1068
512
564
886
867
257
709
976
779
847
336
923
446
938
309
426
808
617
531
431
235
882
823
561
660
326
292
543
614
313
530
660
605
901
863
766
488
802
458
356
423
1105
360
447
979
412
558
789
953
616
634
259
324
312
732
394
891
579
765
833
755
595
849
993
1009
354
802
894
270
512
663
588
933
474
252
768
464
571
299
1076
941
450
755
655
704
971
418
739
266
436
640
364
878
1067
497
811
562
1112
498
694
216
710
925
939
883
111
216
338
380
960
676
377
803
207
1005
444
806
687
466
623
403
992
889
252
1171
334
573
329
787
246
1082
981
238
188
984
362
452
980
192
506
666
813
669
491
193
724
419
340
476
1139
354
896
578
315
367
765
349
596
612
624
878
300
901
666
1266
250
291
741
441
338
287
694
161
299
260
338
953
877
547
246
732
236
626
1057
946
863
830
459
764
592
1114
689
455
558
1028
412
216
440
365
787
822
796
378
691
198
714
789
191
301
662
802
561
441
699
447
199
1007
893
1014
173
777
496
953
971
180
381
752
204
819
688
230
388
596
384
431
569
662
614
216
736
402
1012
227
1076
284
956
263
828
199
579
691
293
1039
873
339
543
394
998
647
1136
531
458
211
986
665
786
855
346
839
371
507
919
965
1190
1187
704
500
175
1157
547
991
750
165
739
697
866
488
639
633
658
1118
674
488
913
288
388
963
670
890
325
273
500
871
510
652
218
167
1102
410
399
849
515
826
772
950
411
532
897
448
488
629
703
649
764
509
395
190
438
624
819
807
302
996
832
759
839
722
362
1079
879
356
620
396
591
487
563
985
1091
738
1211
978
1092
655
1013
555
249
252
641
602
1083
498
619
981
184
746
945
1086
440
1009
830
1188
247
998
307
756
559
770
409
850
283
927
724
843
884
419
155
830
987
285
389
875
313
807
695
293
660
369
494
942
557
276
196
705
362
404
537
532
419
741
656
747
1119
524
952
426
454
358
885
704
1076
1038
921
276
311
1023
804
588
218
886
585
981
815
523
547
224
313
512
386
344
848
509
1073
389
973
272
361
509
880
601
327
565
1014
1245
507
380
879
560
1118
671
1103
935
797
1066
286
431
278
455
638
688
287
747
689
796
210
761
230
471
1069
345
808
359
444
146
550
501
563
910
671
647
296
1194
1214
399
678
1122
837
1019
589
469
877
1023
411
1026
207
475
1103
941
490
248
1000
875
1106
440
596
967
1132
815
429
833
182
894
785
907
475
282
1185
880
936
212
853
761
517
389
913
199
997
1053
318
356
844
1252
476
904
1090
772
363
925
749
1022
431
612
997
561
897
249
1187
544
646
236
335
1128
951
685
315
294
329
551
525
1079
695
520
563
332
549
827
308
933
1269
1175
456
878
840
336
376
501
433
914
651
656
554
275
589
1033
674
682
371
251
650
506
198
174
339
365
702
1185
282
719
401
808
569
610
332
478
179
535
690
559
858
830
507
647
1124
1065
215
861
161
594
486
1060
432
691
376
447
427
1014
430
739
970
242
447
542
523
618
793
1165
267
164
967
962
457
1185
113
765
213
715
995
842
439
627
837
203
1255
1024
1044
254
290
847
748
1012
592
538
510
541
354
654
537
239
1140
459
844
934
677
198
455
810
860
510
1010
1024
642
1106
1086
780
541
727
680
1101
360
942
716
1034
140
785
975
1034
961
582
847
573
637
520
862
1065
746
995
960
1095
625
945
724
506
239
846
945
837
847
807
504
572
127
1139
855
570
806
138
220
1027
623
757
295
242
193
699
299
849
436
575
510
510
598
732
785
155
961
340
241
440
376
742
457
793
763
1126
496
1042
872
960
772
1034
530
195
151
682
1027
580
603
540
665
185
1055
468
452
740
649
277
447
1341
896
655
993
757
624
1003
870
242
296
316
875
838
349
637
700
508
243
1032
387
524
502
314
792
605
161
792
644
676
904
645
455
200
584
831
625
552
424
1034
398
658
544
351
597
243
941
784
551
717
550
874
349
494
459
696
497
1053
186
885
530
728
568
311
284
907
1185
651
716
852
535
253
492
253
380
730
339
577
561
872
336
252
1141
538
417
295
260
416
778
453
272
825
682
267
253
282
976
1015
504
1155
276
738
1012
867
180
514
839
712
432
423
638
403
1267
562
748
802
784
1089
624
817
913
532
703
435
590
1007
607
575
621
943
1029
193
477
224
552
435
735
299
1005
459
510
842
698
309
1032
1183
839
1070
589
507
745
404
307
375
1102
510
860
362
587
296
1032
939
518
966
1041
314
832
934
493
385
209
786
232
464
543
316
935
675
836
683
860
569
222
1126
294
932
554
870
835
727
214
621
1048
919
749
280
153
480
317
952
783
1002
302
650
800
482
359
333
834
911
1004
251
315
734
834
1059
330
786
357
975
300
293
395
942
366
535
650
764
639
240
1030
193
416
642
210
268
731
679
655
282
519
142
848
892
638
419
252
1035
802
745
516
746
573
676
600
484
394
637
952
581
1028
948
179
1291
907
578
356
241
632
894
331
975
592
629
814
284
1051
927
568
813
517
607
932
1055
740
547
630
561
1203
209
991
222
382
375
432
507
919
791
525
858
1215
804
271
222
410
212
314
815
202
293
882
378
776
353
415
557
232
923
1050
978
684
413
1139
428
438
272
901
1033
403
1094
898
1197
257
696
839
373
779
415
880
888
296
133
550
607
231
561
558
1091
503
701
1123
625
784
941
833
580
900
855
165
999
385
1122
636
310
168
857
648
852
779
372
403
1025
635
186
347
619
305
925
398
917
574
964
249
239
245
229
525
770
221
579
866
617
288
838
784
1018
1024
799
541
1065
736
1092
862
651
948
812
856
221
401
752
739
323
336
720
758
145
741
461
704
885
938
395
539
926
1003
374
577
841
189
848
465
189
866
933
608
304
961
575
328
900
293
549
356
1067
636
657
948
487
207
541
231
838
557
899
1017
743
924
848
134
971
354
438
801
393
238
130
1117
622
828
936
168
451
620
583
710
886
1016
603
1019
1056
239
972
1064
419
1223
279
1057
251
902
321
1043
314
1030
606
789
966
725
724
271
825
750
632
314
469
826
286
753
137
862
855
902
470
751
541
566
368
510
151
189
663
701
423
842
841
816
267
734
992
334
395
1070
635
225
801
698
1087
239
184
762
313
844
457
982
244
189
500
771
467
197
509
643
490
936
389
819
621
628
409
230
131
735
411
294
770
1244
579
514
766
820
1027
117
880
222
1064
607
1151
867
519
304
368
629
691
481
447
497
887
554
839
742
569
1107
658
458
844
1092
891
724
700
1115
844
139
236
725
252
922
827
230
786
548
1055
835
932
1161
469
638
689
738
282
817
818
808
467
308
374
296
1139
607
577
775
731
851
784
203
798
668
238
223
208
1070
928
565
957
911
358
511
705
700
808
432
1003
96052
115811
125862
99206
629
938
635
999
649
689
225
805
564
156
321
354
739
189
383
1028
296
551
395
510
501
315
744
792
547
1148
821
996
308
368
596
787
965
841
556
923
710
491
826
560
185
352
228
192
933
693
815
830
915
421
609
884
584
1066
1016
477
817
765
258
358
864
888
669
981
893
879
326
729
829
496
645
1105
264
1088
1284
386
904
535
318
963
916
268
148
655
827
659
294
616
1174
343
455
840
335
398
1010
1060
939
318
647
868
253
677
651
906
342
699
462
714
680
442
266
283
465
718
882
595
483
388
861
868
716
1126
1085
351
224
874
451
849
844
249
220
1101
1160
970
499
923
910
412
167
1137
379
1136
718
705
936
507
277
577
318
941
434
411
334
1026
1025
1172
405
847
853
613
308
790
831
579
403
868
663
759
1055
561
534
976
1084
851
410
403
270
1024
281
417
286
666
327
1312
859
488
926
760
355
550
397
169
268
634
401
1013
383
397
1134
1073
809
609
755
948
706
239
603
839
230
180
301
384
239
414
385
988
846
1181
521
709
363
1005
1024
218
847
861
1074
931
571
551
291
988
575
658
939
638
447
775
714
404
995
1121
664
528
262
704
354
1025
489
1072
362
401
134
954
858
954
917
851
623
780
526
355
588
911
372
581
753
606
940
1141
665
603
892
757
199
1072
819
299
953
524
637
619
358
600
1049
902
308
247
1081
1094
744
983
944
866
1183
599
745
340
842
395
1106
933
347
1091
611
838
977
348
905
849
1152
846
501
358
346
881
504
461
1135
277
306
235
204
881
477
1063
401
918
660
750
406
374
669
143
142
931
1065
459
361
235
176
1003
936
250
1208
871
203
621
1165
1166
303
526
560
1028
475
1067
871
808
725
615
593
908
399
642
201
1047
880
1124
340
1068
770
766
980
388
773
197
868
384
256
582
654
503
478
409
319
837
664
252
523
414
338
791
406
1175
582
556
910
288
778
383
727
1044
483
179
461
943
676
839
566
730
240
628
186
798
1172
664
857
1073
622
744
911
354
860
626
484
985
239
948
218
168
574
986
873
260
904
632
688
690
465
619
646
845
752
819
919
1131
345
339
759
947
1107
370
856
758
554
238
424
643
416
516
467
249
763
502
934
881
714
794
1004
311
1055
333
874
608
945
892
337
688
644
319
469
547
329
787
435
447
463
853
804
1038
700
812
1026
799
998
343
222
788
675
772
188
725
316
157
963
720
673
891
406
539
958
1315
340
409
1061
503
996
848
424
525
553
601
968
512
358
293
524
887
393
309
658
364
765
1142
1232
609
877
320
740
223
369
516
377
1214
861
899
634
292
454
571
740
572
250
1062
847
453
1032
877
652
235
887
200
568
857
204
1272
667
781
305
856
444
750
674
356
320
167
1065
906
440
725
790
1022
480
865
972
831
169
508
665
582
372
379
1200
1155
128
495
632
291
1044
1033
227
662
427
923
448
511
674
462
1058
645
1099
586
839
277
801
363
456
527
337
528
779
835
452
706
237
312
766
962
457
348
573
669
1143
948
415
1130
339
782
364
199
636
169
1169
683
520
1297
778
806
179
990
653
843
240
408
414
659
408
316
470
746
773
321
1029
498
988
173
502
642
968
1023
501
890
166
730
287
811
731
931
265
529
559
1018
522
722
197
286
905
319
867
319
742
333
628
867
181
817
477
785
443
891
496
303
616
444
375
683
729
189
489
689
658
967
1110
1124
408
123
420
765
837
919
543
1177
738
506
572
610
541
842
545
699
386
947
279
790
158
765
246
957
922
876
177
695
641
695
677
465
104
802
515
250
863
520
818
435
930
575
1054
765
352
198
814
783
171
1205
556
619
550
659
1077
437
617
348
545
521
961
556
329
541
317
1222
247
455
321
984
973
745
1062
402
387
271
1053
1080
494
384
494
301
190
1012
955
415
469
804
959
312
852
136
242
586
568
993
186
817
349
924
851
1084
559
766
865
225
525
703
231
615
488
305
910
730
665
236
758
811
438
978
464
786
997
536
843
542
1115
946
693
419
505
361
667
936
187
821
222
836
261
735
351
1098
370
932
665
513
391
802
902
896
865
1118
762
900
1052
761
987
502
224
393
1053
267
875
211
284
363
666
514
777
1017
827
775
825
845
868
151
840
681
823
593
751
344
331
1161
582
230
186
789
567
624
978
830
603
741
996
189
569
287
216
1010
1107
273
178
285
443
637
450
920
999
291
688
1241
692
231
845
782
1025
210
430
716
487
972
913
591
780
950
893
1020
828
795
298
621
908
255
890
1205
1010
368
912
308
440
192
300
227
261
549
1016
763
420
399
467
308
491
885
985
665
452
266
186
349
708
768
785
769
243
509
177
897
357
1040
1009
894
188
514
875
381
699
987
230
855
1111
549
347
1052
439
820
545
253
312
944
827
638
953
188
401
744
413
370
797
1008
1052
833
1020
416
741
558
1037
480
288
403
1110
559
158
557
275
780
429
856
312
401
320
952
550
542
1063
174
598
986
697
591
453
866
924
380
1187
509
939
341
235
609
170
954
861
765
876
1215
452
515
1148
335
365
981
1196
415
211
754
618
819
334
448
512
496
704
729
293
667
492
908
589
1100
583
883
306
444
195
668
441
198
853
605
345
584
1178
385
868
709
851
722
936
508
238
539
720
938
775
881
287
1028
694
308
540
194
399
861
1097
637
1109
716
1132
333
549
1004
332
449
962
298
588
895
818
815
424
429
697
1070
400
1078
487
538
868
827
367
816
353
402
1084
160
642
439
627
519
580
829
503
692
230
507
571
1111
675
512
1057
1069
347
181
375
564
800
638
569
883
722
592
301
393
210
537
241
1113
207
937
663
264
314
884
1230
688
235
554
603
298
1076
257
599
709
243
866
1011
540
757
950
310
238
453
989
1000
512
1203
991
725
501
155
306
634
886
471
831
1007
393
1125
564
460
843
594
938
795
1063
836
1025
746
980
1178
172
994
866
935
357
857
254
539
562
294
401
522
356
1143
317
219
249
464
940
332
179
1101
525
982
451
1035
600
854
960
1012
816
300
651
300
901
874
1089
1086
344
520
560
756
482
606
979
311
966
373
698
762
499
173
157
987
1158
816
842
984
879
1004
779
1103
496
232
486
510
894
420
392
661
151
335
877
476
850
909
242
418
537
437
628
835
735
214
711
1112
409
629
821
833
815
280
346
262
840
419
614
348
295
1027
1016
352
407
671
623
571
878
768
771
920
360
547
499
920
483
631
640
1174
764
452
444
360
827
706
1050
590
815
368
863
660
690
672
565
1040
788
475
1025
1000
1023
272
244
734
548
284
315
270
856
841
515
533
522
762
894
973
866
344
426
210
872
925
804
899
949
675
1069
338
237
626
647
368
253
257
191
382
226
465
832
458
571
552
282
932
1076
808
671
963
249
529
660
1101
204
1006
461
1037
732
1042
884
607
955
951
511
200
591
606
866
568
201
1083
983
235
697
916
812
398
581
463
765
163
400
325
675
563
774
522
649
923
497
521
462
746
1248
582
830
1237
973
499
206
428
179
600
858
851
1044
784
581
1094
1059
885
927
256
693
693
141
637
640
396
1056
1080
746
843
832
984
199
344
973
823
1022
255
183
372
752
490
402
641
481
595
811
740
1067
605
481
557
467
195
303
902
504
270
241
977
320
494
1140
835
866
492
385
611
346
1031
551
718
1085
523
952
722
878
503
1107
389
1006
961
641
515
283
758
553
879
779
704
331
138
490
482
434
514
199
308
578
826
451
193
302
306
261
1019
287
741
251
629
887
1034
392
916
590
574
312
675
779
520
244
569
663
318
693
1092
1116
957
644
621
886
994
182
492
798
609
333
462
708
221
398
592
814
897
808
566
477
351
864
1070
511
830
392
648
235
460
841
506
93159
120155
93395
